
final population, fitnesses: (up to 1st 100 chromosomes)
  [0 0 0 0 1 0 0 0 0 1 0 1 0 0 0 1 0 1 1 1 0 0 1 0 1 0 0 1 1 1 1 1 1 1 0 1 0
 1 1 0]  146.0
  [0 1 1 1 1 0 0 1 1 1 0 0 1 0 1 0 1 1 0 0 0 1 0 1 1 0 0 0 1 0 0 0 1 0 0 0 1
 0 1 0]  146.0
  [1 0 0 1 1 0 0 0 1 0 0 0 0 0 0 1 0 1 0 1 1 1 0 1 1 0 1 1 1 0 1 1 1 0 1 0 0
 1 1 1]  146.0
  [1 1 0 1 0 1 1 1 0 0 1 0 0 0 1 1 0 1 1 0 1 0 1 1 0 0 1 0 0 1 0 1 1 0 1 0 0
 0 1 1]  252.0
  [1 0 1 1 1 1 1 1 1 1 1 1 0 0 1 1 0 1 0 1 1 0 1 0 0 0 1 1 0 0 1 0 1 1 0 1 0
 0 0 1]  145.0
  [0 0 1 1 0 1 0 1 0 1 0 0 0 1 0 1 1 0 1 0 0 1 1 0 0 0 1 1 0 0 0 1 0 1 1 0 0
 0 1 1]  -39.0
  [0 0 0 0 1 1 0 0 0 0 1 1 1 1 0 0 0 1 1 0 0 1 0 0 1 0 0 1 1 0 1 1 0 0 0 0 0
 1 0 1]  170.0
  [1 1 0 1 0 0 0 0 0 1 0 1 1 1 1 0 0 1 0 0 0 1 1 1 0 1 1 0 0 1 1 1 1 1 1 1 0
 1 0 0]  -45.0
  [1 1 1 0 1 1 1 1 1 1 0 0 0 1 0 1 1 1 0 0 0 0 1 0 1 0 0 1 1 0 0 1 0 1 1 1 0
 0 1 0]  146.0
  [1 1 0 0 1 1 1 1 1 1 0 0 1 1 1 0 0 1 0 0 0 1 1 1 1 0 1 0 1 1 0 0 1 0 1 0 1
 0 1 0]  -5.0
  [0 1 1 0 0 1 0 1 0 0 1 0 0 1 1 1 0 1 1 0 0 0 0 0 0 0 1 0 0 0 0 1 1 1 0 0 1
 0 0 0]  -5.0
  [0 1 1 1 1 0 0 0 0 0 0 0 1 0 1 0 0 1 0 1 1 0 1 0 1 0 0 1 1 1 1 0 1 0 0 1 1
 1 0 0]  146.0
  [0 1 1 1 0 0 0 0 0 1 1 0 1 0 0 0 1 0 0 0 1 0 1 0 1 0 0 0 0 0 1 0 0 1 0 1 0
 0 0 1]  146.0
  [1 1 1 0 1 1 0 0 0 0 1 1 0 0 0 1 1 1 0 0 1 0 0 0 0 1 0 0 0 1 0 0 0 1 0 0 1
 1 1 1]  -5.0
  [1 1 1 0 0 0 1 1 1 0 0 0 0 0 1 1 1 0 0 0 1 1 0 0 0 1 1 0 0 0 1 1 1 1 0 0 1
 1 0 0]  227.0
  [1 1 1 1 1 1 0 1 0 0 1 1 0 1 1 1 0 1 0 0 1 0 0 0 0 1 1 1 0 1 1 0 1 1 1 0 0
 1 0 0]  146.0
  [1 1 0 0 1 1 0 0 0 1 1 1 0 1 0 1 1 0 0 0 1 0 1 1 1 1 0 0 1 1 1 0 1 0 0 1 0
 0 0 0]  252.0
  [1 0 0 1 1 1 0 0 1 1 0 0 1 0 1 0 1 0 0 1 0 0 1 0 0 1 0 0 1 0 0 1 0 0 0 0 0
 0 0 0]  146.0
  [1 0 1 1 1 1 1 0 1 0 1 0 0 0 1 1 1 0 0 0 0 0 0 0 0 1 0 1 0 0 0 1 0 1 1 1 1
 1 0 0]  146.0
  [0 0 1 1 1 0 0 0 0 0 0 0 0 0 1 1 1 1 1 0 0 0 0 0 1 0 0 0 1 1 0 1 0 1 0 0 0
 1 1 1]  218.0
  [1 0 1 1 1 0 0 1 0 0 1 1 1 1 1 1 0 1 0 1 1 0 0 0 1 1 0 1 0 0 0 0 1 1 0 0 1
 0 1 1]  -5.0
  [0 1 1 1 1 1 0 0 1 1 0 0 1 1 1 1 1 1 1 1 0 1 0 0 1 1 1 1 0 0 1 0 0 0 1 1 0
 0 0 0]  -5.0
  [0 1 0 1 0 0 1 1 1 0 1 1 1 0 1 1 0 0 0 1 0 1 0 0 0 1 1 0 1 0 0 0 0 0 0 0 0
 0 0 1]  203.0
  [0 1 0 0 0 0 1 1 0 1 0 1 0 1 0 0 0 1 0 1 1 1 1 1 1 0 1 0 1 0 0 0 0 0 1 1 1
 0 1 1]  237.0
  [1 0 1 1 1 1 1 1 1 1 0 1 1 1 0 1 1 1 0 0 1 0 1 0 0 1 1 0 0 1 1 0 0 0 1 0 0
 0 1 1]  146.0
  [0 1 0 0 1 1 1 1 1 1 1 0 1 0 1 1 1 0 1 0 1 1 1 1 1 1 0 1 0 0 0 0 0 1 0 0 1
 1 1 1]  -5.0
  [0 1 1 1 1 1 0 1 0 0 0 0 0 0 0 1 0 1 0 1 0 0 1 0 1 0 1 1 0 1 0 0 1 1 0 1 1
 1 0 1]  146.0
  [0 0 1 0 1 1 1 0 1 0 1 1 0 1 0 1 1 1 0 1 1 0 0 1 1 0 1 0 0 0 0 1 1 1 1 0 0
 0 1 0]  -45.0
  [0 1 0 1 0 1 0 0 0 0 1 0 0 1 1 1 1 1 0 0 1 1 1 1 0 0 1 1 0 0 1 0 0 0 0 1 1
 1 1 0]  -45.0
  [0 1 1 0 1 0 1 1 1 1 1 1 1 0 0 0 1 0 1 0 1 0 0 1 1 1 1 0 1 0 0 1 0 0 1 1 0
 0 1 0]  237.0
  [1 1 1 1 0 0 1 0 1 1 0 0 1 0 0 1 0 1 1 1 1 1 0 0 1 1 1 1 1 1 1 1 0 1 1 0 0
 0 0 1]  146.0
  [0 0 1 0 0 0 0 0 1 1 0 0 0 1 0 1 0 1 0 0 0 1 1 0 1 0 1 1 0 0 0 1 0 1 0 1 0
 1 0 1]  136.0
  [1 0 1 0 1 0 0 0 1 1 1 1 1 1 0 0 0 1 0 0 1 1 0 1 1 0 0 1 0 0 0 0 1 1 1 1 0
 1 0 0]  18.0
  [1 1 1 1 1 0 1 0 0 1 0 1 1 1 0 1 0 0 0 1 0 0 0 1 0 1 0 1 0 0 1 0 1 1 0 1 1
 1 1 0]  25.0
  [1 1 0 1 1 1 1 1 0 1 0 1 1 1 1 0 1 1 0 0 1 1 0 1 1 0 0 0 1 0 0 0 0 1 1 1 0
 1 0 0]  146.0
  [0 0 1 1 0 0 1 1 0 0 0 1 0 0 0 1 0 1 1 1 1 1 0 0 0 0 1 1 0 0 0 0 1 0 1 1 1
 0 1 0]  146.0
  [0 0 1 0 1 0 1 0 0 1 1 1 0 0 0 0 0 0 1 1 1 0 1 0 0 1 0 1 0 0 0 1 0 1 0 0 0
 0 0 0]  146.0
  [0 1 0 0 0 1 0 1 0 0 1 0 1 1 1 1 1 1 1 1 0 1 0 1 1 1 0 0 1 1 0 1 0 1 1 1 1
 1 1 1]  -5.0
  [1 1 1 1 0 0 0 0 1 1 0 0 1 0 1 1 0 0 1 1 1 1 1 0 1 1 0 0 1 0 1 1 1 0 1 1 0
 1 1 0]  252.0
  [1 1 0 0 1 1 1 0 1 0 0 1 1 0 0 1 1 1 1 0 1 1 0 0 1 1 1 1 0 1 1 1 0 0 1 0 0
 0 1 1]  -45.0
  [1 0 1 1 1 0 1 0 0 1 0 1 1 0 0 0 1 1 0 1 1 0 0 0 0 0 0 0 0 0 0 1 0 0 1 0 0
 1 1 0]  146.0
  [1 0 0 0 0 0 0 1 1 1 0 0 0 1 1 0 0 0 0 0 0 0 0 1 1 0 1 1 1 0 1 1 0 1 1 1 0
 0 0 0]  146.0
  [1 1 1 0 1 1 1 0 1 1 1 0 1 0 0 1 1 0 1 1 0 1 0 0 0 1 0 1 0 0 1 0 1 0 1 1 0
 0 1 1]  -45.0
  [1 0 1 0 0 1 0 1 0 0 0 0 1 1 1 0 0 1 0 0 1 0 0 0 1 0 0 1 0 0 1 1 0 0 0 0 0
 1 0 0]  -45.0
  [0 1 1 0 1 0 1 1 0 1 1 0 0 0 1 0 1 1 1 1 0 0 0 1 0 0 1 1 1 1 1 1 0 0 1 1 0
 0 0 0]  252.0
  [0 1 1 1 0 1 1 1 0 1 1 1 0 1 1 1 0 0 0 1 1 1 0 1 1 1 0 1 0 0 0 0 1 0 0 1 1
 1 1 1]  -5.0
  [0 1 0 0 1 1 0 1 1 1 1 1 0 0 1 0 0 0 0 1 1 1 0 1 0 1 1 0 0 0 1 0 1 1 0 0 1
 0 0 1]  18.0
  [1 1 0 0 0 0 0 1 0 0 0 0 0 0 1 1 0 0 0 0 1 1 1 1 0 0 0 0 1 1 1 1 1 1 0 1 1
 0 0 0]  -5.0
  [1 1 1 0 1 0 0 1 1 1 1 1 1 1 1 1 1 1 0 1 0 0 1 0 0 0 1 0 1 0 1 0 0 1 0 0 1
 0 1 0]  146.0
  [0 0 0 1 0 1 0 1 0 1 0 1 1 1 1 1 1 0 1 0 1 0 1 0 1 0 0 0 1 1 0 0 0 1 0 1 0
 1 1 0]  180.0
Best:
  [1 1 0 1 0 1 1 1 0 0 1 0 0 0 1 1 0 1 1 0 1 0 1 1 0 0 1 0 0 1 0 1 1 0 1 0 0
 0 1 1] at locn 3, fitness: 252.0

Best of all Gens:
  [1 0 0 0 0 0 1 1 0 1 0 1 1 0 0 1 1 0 1 1 1 1 0 0 1 1 1 0 1 1 0 0 1 1 1 1 1
 1 0 0] at gen: 45, locn 21, fitness: 779.0
