popSize: 50  nGens: 100  pm: 0.5  pc: 0.001
initial population, fitnesses: (up to 1st 100 chromosomes)
  [0 1 1 0 0 0 1 0 0 0 1 1 0 1 1 1 1 1 1 1 0 1 1 1 1 1 0 1 0 0 1 0 1 1 1 0 0
 0 0 0 1 0 1 1 1 1 0 1 1 0 1 1 0 0 0 0 0 0 0 1 1 0 0 0 0 1 1 0 1 0 0 1 1 0
 1 0 0 1 1 0 1 1 1 0 1 1 1 1 1 1 0 1 0 1 1 1 0 0 0 0 0 1 1 1 0 1 1 1 0 1 1
 0 1 0 1]  -12.0
  [0 1 0 1 1 0 1 0 0 1 1 1 1 0 0 1 0 1 0 1 1 0 1 1 1 0 0 1 0 0 1 1 0 1 0 1 1
 1 0 0 1 0 1 0 1 0 1 1 1 1 0 0 1 1 1 0 1 0 0 0 1 1 1 1 1 0 1 1 1 1 0 0 0 1
 0 1 0 1 0 0 1 1 0 0 0 1 0 1 1 0 0 0 0 0 0 0 0 0 1 1 1 0 1 1 0 0 0 0 0 0 0
 1 1 0 0]  357.0
  [1 1 1 0 1 0 0 1 1 1 0 0 1 1 1 0 0 0 0 0 1 1 0 1 0 0 0 1 1 1 0 1 0 0 0 0 1
 0 0 0 0 1 1 1 0 0 0 0 1 1 0 1 0 0 0 1 1 0 1 0 0 1 0 1 0 1 1 0 0 1 0 0 0 1
 1 0 1 1 1 1 1 1 0 0 0 1 1 1 0 1 0 0 0 0 1 1 1 0 1 0 1 1 1 1 1 1 0 1 0 0 1
 1 1 1 1]  502.0
  [0 0 0 1 0 1 1 1 0 0 0 1 0 1 1 1 0 1 0 1 0 0 1 1 1 0 0 0 1 0 1 1 1 0 0 1 1
 0 0 1 1 0 0 0 0 1 0 0 0 1 1 0 1 0 0 1 1 1 0 0 1 0 0 1 0 0 1 1 0 0 1 1 1 1
 1 0 1 1 1 0 1 1 1 1 1 0 0 0 1 1 0 0 1 0 1 0 0 0 1 0 1 1 0 1 1 0 0 0 0 1 0
 1 0 1 1]  367.0
  [0 1 0 0 0 1 1 0 0 0 1 0 0 1 0 1 1 1 1 0 0 1 1 0 0 0 1 1 0 0 1 1 1 1 1 0 1
 0 0 1 0 1 0 1 1 0 0 0 0 0 1 0 0 1 1 1 1 0 0 0 0 0 1 1 0 0 1 0 0 0 1 1 1 1
 0 1 0 1 0 0 1 0 1 0 0 0 1 0 0 1 1 1 1 0 0 1 1 0 1 0 1 0 0 0 0 1 0 1 1 1 1
 0 0 0 1]  61.0
  [0 1 1 1 0 0 0 1 0 1 1 1 0 0 1 1 1 1 0 0 1 1 1 0 1 1 1 1 1 1 0 1 1 0 0 0 0
 0 1 0 1 0 1 0 0 0 0 1 1 1 0 1 1 1 0 0 1 0 1 1 0 1 1 0 1 1 1 1 1 1 1 1 1 1
 1 1 1 1 1 1 1 1 0 1 0 0 0 1 0 0 0 1 1 0 0 1 0 1 1 1 0 0 0 1 1 0 1 0 1 0 0
 0 1 0 1]  361.0
  [1 1 1 0 1 0 0 0 0 1 1 0 1 1 1 1 0 1 1 0 0 1 1 1 1 1 0 1 1 1 1 1 1 1 0 1 1
 0 0 1 0 0 0 0 1 1 1 1 0 1 1 1 0 0 1 0 0 1 1 1 0 1 0 0 1 0 1 0 1 0 0 0 1 1
 1 1 1 0 1 0 0 1 0 1 0 1 1 1 0 1 1 1 1 0 0 1 0 0 1 1 0 1 1 0 0 0 0 1 0 0 0
 0 0 0 0]  514.0
  [1 0 1 0 1 1 0 0 1 0 1 1 1 0 1 0 1 1 0 1 1 0 0 0 1 0 0 0 1 1 1 0 1 1 0 1 0
 1 0 1 0 1 1 1 1 1 1 0 1 0 0 0 1 1 1 0 0 0 1 1 0 1 0 1 0 1 0 0 1 1 1 1 1 0
 0 0 0 0 1 1 1 1 0 0 0 0 0 0 0 1 1 0 1 1 1 0 1 1 1 1 0 1 1 1 1 0 1 1 0 0 1
 1 0 0 1]  502.0
  [0 1 0 1 1 1 1 1 1 0 1 1 0 0 1 0 0 1 0 0 1 1 0 1 1 1 1 1 0 1 1 0 1 0 0 0 0
 0 0 1 1 1 0 0 1 0 1 1 0 0 1 1 0 0 0 0 0 1 0 1 1 1 0 1 0 1 0 1 1 1 1 1 0 0
 0 0 0 1 0 1 1 1 0 0 1 1 1 0 0 0 0 1 0 1 1 0 1 0 1 1 0 1 0 1 0 1 0 0 0 1 0
 1 0 1 1]  -11.0
  [0 0 0 1 1 0 0 1 1 0 1 1 1 0 0 1 0 0 0 0 1 0 1 0 1 0 1 0 0 0 0 0 1 1 1 0 1
 1 0 1 1 0 1 0 0 1 0 1 1 1 1 1 1 0 1 1 1 0 0 0 0 1 0 0 0 1 1 1 0 1 0 1 1 1
 1 0 1 0 0 1 0 1 1 0 0 0 1 1 1 1 0 1 0 1 0 0 1 1 1 0 0 1 0 1 0 1 1 0 1 0 1
 1 0 1 0]  -12.0
  [1 0 0 1 0 1 0 0 0 0 0 1 1 1 0 0 0 1 1 1 0 1 1 0 0 1 0 1 1 0 1 0 0 0 0 0 1
 0 0 1 1 1 0 0 1 0 0 1 1 0 1 0 1 1 1 1 1 0 1 1 1 1 0 0 0 1 0 0 0 1 0 1 0 1
 0 0 1 1 0 1 1 0 1 1 0 0 1 0 0 0 1 0 0 1 0 0 1 0 1 0 0 0 1 1 1 1 1 1 1 0 1
 1 1 0 0]  434.0
  [1 1 1 0 0 0 1 1 1 1 0 1 1 1 1 1 0 1 0 0 1 1 1 1 1 0 0 1 0 1 0 0 1 0 1 0 1
 0 0 1 1 0 0 0 1 0 1 0 1 1 1 0 1 0 1 1 0 1 0 0 1 0 0 0 1 0 0 0 0 1 1 1 0 1
 0 1 0 0 1 1 1 1 1 0 0 1 0 0 0 1 1 1 1 0 0 0 1 1 1 1 1 0 0 0 0 1 1 1 1 0 0
 1 1 0 0]  -12.0
  [0 0 0 0 0 0 1 0 0 1 0 1 0 1 1 1 0 0 1 1 0 1 0 1 0 1 1 0 1 1 1 0 1 1 1 0 0
 1 1 1 1 1 0 1 0 0 1 0 0 0 0 1 0 0 1 0 1 1 0 1 0 1 0 0 0 0 1 1 1 0 1 1 1 0
 1 0 1 0 1 1 1 1 0 1 0 1 1 1 0 1 1 0 1 1 1 1 0 1 0 1 0 1 1 0 1 1 1 0 1 1 1
 1 0 1 0]  324.0
  [1 0 0 1 1 1 0 0 0 1 0 1 1 1 0 1 1 1 0 0 0 1 0 0 0 1 0 1 0 1 1 0 0 1 1 1 1
 0 0 0 1 1 1 0 1 0 0 0 0 1 1 1 0 1 1 0 1 1 1 1 1 0 1 0 1 0 1 1 1 1 1 1 1 1
 1 0 0 1 1 1 1 1 1 0 0 1 1 0 0 0 0 0 0 0 0 0 1 0 1 0 1 0 1 1 0 0 0 1 0 1 0
 1 0 0 1]  384.0
  [1 1 1 1 1 1 0 0 0 0 0 1 1 0 0 1 0 0 1 0 0 0 1 0 1 1 0 1 1 1 0 1 1 0 1 1 1
 1 0 1 0 1 1 0 0 0 1 1 0 0 0 1 1 1 1 0 1 0 1 0 1 0 1 1 0 1 0 0 0 0 1 0 1 1
 0 0 1 0 1 0 1 1 1 1 0 1 0 0 1 1 0 0 0 0 1 1 0 0 1 0 0 1 0 0 0 1 0 1 0 0 0
 1 0 1 1]  361.0
  [0 0 1 1 1 0 1 0 1 1 0 0 1 0 0 0 0 1 0 1 0 1 1 0 1 1 0 0 0 0 0 0 1 1 1 0 0
 0 0 0 1 0 1 0 0 1 0 1 0 0 0 1 0 1 1 1 1 1 1 1 1 0 1 1 1 0 0 0 0 0 0 0 1 0
 0 0 1 1 0 0 1 1 0 0 1 0 0 0 1 1 0 1 0 1 1 1 1 1 0 0 1 1 1 1 1 1 1 1 0 1 1
 0 0 0 0]  574.0
  [1 1 1 1 0 0 0 0 1 1 1 0 1 1 0 1 0 0 0 1 0 0 0 1 1 0 1 1 0 0 0 0 1 0 1 0 1
 0 0 1 0 1 1 0 1 0 1 1 0 1 0 1 0 1 0 1 0 0 0 1 0 1 0 0 0 0 0 1 1 0 0 1 1 0
 1 0 0 0 1 0 0 1 1 1 0 0 1 0 1 1 1 1 1 1 1 1 0 0 0 1 1 1 0 0 1 1 0 0 1 0 1
 1 0 1 0]  401.0
  [1 0 0 1 1 0 0 1 0 0 0 1 0 1 1 0 1 0 1 0 1 0 0 1 1 0 0 1 1 1 1 0 0 1 0 0 0
 0 0 0 0 0 0 1 0 1 1 1 0 0 1 0 1 1 0 0 1 0 0 0 0 1 0 0 1 0 0 1 0 0 0 1 1 1
 0 0 1 1 1 1 1 1 1 0 1 0 0 0 0 1 1 0 1 1 1 0 1 0 0 1 1 1 0 0 0 1 0 0 0 1 0
 1 1 0 0]  367.0
  [0 1 1 1 1 1 0 1 1 1 0 0 0 0 1 0 1 1 0 1 0 1 0 0 1 0 0 0 0 0 1 1 0 0 0 0 1
 1 1 1 0 0 1 0 0 0 0 0 1 1 1 0 1 1 1 0 0 1 1 0 0 1 0 1 0 1 1 1 0 1 1 1 0 1
 0 0 1 0 1 1 0 0 0 0 1 0 1 1 0 1 1 1 0 1 0 1 1 0 0 1 1 1 1 0 1 0 0 0 1 1 1
 1 1 0 1]  -52.0
  [0 1 1 1 0 1 0 1 1 1 1 0 0 1 0 0 1 0 1 0 0 1 1 0 0 1 0 0 0 1 0 1 0 1 0 1 0
 1 1 0 0 1 0 0 0 0 0 1 0 1 1 0 1 1 1 1 1 1 1 0 0 0 1 0 1 0 1 0 1 1 0 0 0 0
 0 1 1 1 1 0 1 1 0 0 0 0 0 1 0 0 1 1 0 1 0 0 1 0 0 1 1 1 0 0 1 1 0 1 1 1 0
 0 1 0 0]  362.0
  [1 0 1 1 0 1 1 1 0 1 1 1 1 0 1 1 0 1 0 1 0 1 1 1 0 1 0 1 1 0 1 1 1 1 0 1 1
 0 0 0 1 0 0 1 1 0 1 1 1 1 1 0 0 0 0 0 0 0 1 0 1 0 1 0 1 0 0 0 0 1 0 0 0 0
 0 0 1 1 1 0 0 1 1 0 1 1 1 1 0 1 1 0 1 1 0 1 1 0 1 1 1 1 0 0 1 1 1 0 0 0 1
 1 1 1 1]  -52.0
  [0 0 0 1 0 0 1 1 1 1 0 0 0 0 1 1 0 0 1 1 0 0 0 0 0 0 1 0 0 1 0 1 0 1 1 0 0
 0 0 0 1 0 0 1 0 1 0 1 1 0 1 1 1 0 1 1 1 0 1 1 0 1 0 0 0 1 0 1 1 1 0 0 0 0
 1 0 1 0 1 1 0 1 0 0 1 1 1 0 1 1 1 1 1 0 0 1 1 0 1 1 1 0 1 0 0 1 0 0 0 1 1
 0 0 0 1]  357.0
  [1 0 0 0 1 1 1 0 0 1 0 0 0 0 0 1 1 1 1 0 0 0 0 0 1 1 1 1 1 1 0 0 1 1 1 0 1
 1 0 0 1 0 1 0 0 1 0 0 0 0 0 0 1 1 1 1 0 1 1 0 0 1 1 1 0 0 1 1 1 1 0 1 0 0
 0 0 1 1 0 0 0 1 1 0 1 0 0 0 0 0 1 0 0 0 0 0 1 1 1 0 0 0 0 0 1 0 1 0 0 0 0
 0 0 1 1]  361.0
  [0 0 0 0 0 0 1 1 1 1 1 0 1 1 1 1 1 1 1 0 0 1 0 1 0 0 1 0 1 1 1 0 1 1 0 0 0
 1 1 0 0 1 0 0 0 1 1 0 0 0 0 0 0 0 1 1 0 1 1 0 1 1 1 1 0 0 1 0 0 1 0 0 1 0
 1 0 0 1 1 0 1 0 0 0 1 0 0 0 0 0 1 1 0 0 1 1 1 1 0 0 1 1 0 0 1 1 1 1 1 0 1
 0 0 0 1]  514.0
  [0 1 0 0 0 0 1 0 1 0 1 1 0 1 1 1 0 0 1 1 0 1 0 0 0 1 1 0 1 1 1 1 0 0 0 1 0
 0 1 1 1 0 0 0 1 1 0 0 0 1 0 1 0 1 1 1 0 0 1 0 1 0 1 0 0 1 1 0 1 0 0 1 0 1
 0 0 1 0 0 0 1 1 0 1 1 0 0 0 0 0 0 0 1 0 0 0 0 0 1 0 1 0 1 1 1 1 0 0 0 0 1
 1 1 0 0]  574.0
  [1 0 0 1 0 1 1 1 0 1 0 0 1 0 1 0 0 0 1 1 1 1 0 0 0 0 0 1 1 1 0 1 1 1 1 0 1
 0 1 0 1 0 1 0 1 0 1 1 0 1 1 0 1 0 0 0 0 1 0 1 1 1 1 0 0 1 1 1 1 1 0 1 1 1
 0 1 0 0 1 0 0 0 0 0 1 1 0 1 0 1 1 0 1 0 1 1 0 0 0 1 1 0 0 0 1 1 0 0 0 0 1
 0 0 1 0]  377.0
  [1 0 0 0 0 0 0 0 0 1 0 0 0 0 1 0 0 0 0 0 1 0 1 0 1 0 1 1 0 1 1 0 1 1 1 0 0
 0 1 1 1 1 1 0 0 0 0 0 1 0 0 0 1 0 1 0 1 1 1 0 0 1 0 1 0 0 0 0 1 0 1 1 0 0
 1 0 1 1 1 0 1 1 0 1 0 1 1 0 1 1 1 1 0 1 1 1 1 1 0 0 1 0 0 1 1 0 1 1 1 0 0
 1 1 0 1]  382.0
  [1 1 0 0 0 1 0 0 1 1 1 1 1 0 1 0 1 0 0 0 1 1 1 0 0 0 0 1 0 0 1 0 0 1 1 1 1
 0 1 1 0 0 0 1 1 1 0 0 1 0 0 1 1 1 1 0 0 0 0 1 1 1 0 1 1 1 0 1 0 0 1 0 1 1
 1 0 1 0 0 1 0 0 0 0 1 1 1 1 0 0 1 0 1 1 1 0 1 0 1 1 0 1 1 0 0 1 0 1 0 1 1
 0 0 1 1]  -12.0
  [0 1 0 1 1 1 1 0 1 1 1 0 1 0 1 1 0 1 0 0 0 0 0 1 1 1 1 1 0 0 0 1 1 0 1 1 1
 1 1 0 0 1 1 1 0 0 0 0 1 0 1 1 1 0 1 0 0 1 0 1 0 0 0 0 1 1 1 1 0 0 0 0 1 0
 1 1 0 1 1 1 1 1 1 1 1 1 0 0 0 1 1 0 0 1 1 1 1 0 1 0 1 1 0 0 1 0 1 1 0 1 0
 1 1 1 1]  401.0
  [0 1 1 0 0 0 0 1 0 1 0 0 0 1 0 1 1 1 0 1 1 0 0 1 0 0 1 1 1 1 1 1 0 1 1 1 1
 1 1 0 1 1 0 0 0 1 1 0 1 1 0 0 1 0 0 1 0 1 0 1 0 1 1 1 1 1 1 1 0 1 0 1 1 1
 0 0 0 0 1 0 1 1 0 1 1 0 1 1 0 1 0 0 0 1 1 0 0 1 1 1 1 0 1 1 0 1 1 0 1 1 1
 1 0 1 0]  361.0
  [1 1 1 1 0 1 0 0 0 0 0 0 1 1 0 1 1 1 0 0 0 0 0 0 1 0 1 0 0 1 0 1 1 1 0 0 1
 0 1 0 0 1 0 1 0 0 0 1 0 1 0 0 0 1 1 1 0 0 0 0 1 1 0 1 1 0 1 1 0 1 0 1 1 0
 0 0 0 0 0 0 0 0 1 0 1 1 1 0 1 1 0 0 1 1 0 1 1 1 1 1 0 0 0 1 0 0 0 1 1 0 0
 0 1 0 1]  361.0
  [0 0 0 1 1 1 0 0 0 1 0 0 0 1 0 0 0 0 1 1 1 1 1 1 1 0 0 0 0 0 1 0 0 1 1 1 0
 0 1 0 1 0 1 0 1 0 0 1 1 1 0 0 0 0 1 0 0 0 1 0 0 0 0 0 1 1 1 1 1 1 1 0 0 1
 1 0 0 0 0 1 0 1 0 0 1 1 1 0 1 0 1 1 0 0 1 1 0 0 1 0 0 0 0 1 0 0 0 0 1 1 1
 1 0 1 0]  382.0
  [1 1 1 1 1 1 1 0 0 1 1 0 0 0 1 1 1 0 1 0 0 1 1 1 1 1 1 0 1 1 1 0 1 1 1 1 1
 1 1 1 1 1 0 0 1 0 1 1 1 1 0 0 0 0 1 1 1 0 0 0 0 1 0 1 0 1 0 1 1 1 0 1 1 1
 1 1 1 0 0 0 0 1 0 1 0 1 0 1 0 0 0 1 0 1 1 0 1 1 1 1 1 0 0 0 1 1 0 1 1 0 1
 1 0 1 1]  382.0
